1.000000000 -0.000000000 0.000000000 -0.000000000 -0.000000000 1.000000119 0.000000000 0.000000060 0.000000000 0.000000000 1.000000000 0.000000000
0.999991357 -0.002442198 -0.003364740 -0.002665815 0.002434812 0.999994755 -0.002197738 -0.005175447 0.003370089 0.002189526 0.999991953 0.666641176
0.999970675 -0.001286975 -0.007547901 -0.011826717 0.001259263 0.999992430 -0.003675203 -0.009648807 0.007552574 0.003665591 0.999964774 1.362775922
0.999935687 -0.001038212 -0.011305008 -0.029961517 0.000980277 0.999986291 -0.005129007 -0.011482144 0.011310182 0.005117593 0.999922872 2.064779520
0.999868095 0.000204132 -0.016239345 -0.049028128 -0.000299857 0.999982595 -0.005892382 -0.013690646 0.016237861 0.005896474 0.999850750 2.793315172
0.999790013 -0.000652776 -0.020479057 -0.068336032 0.000534701 0.999983251 -0.005770545 -0.030249877 0.020482479 0.005758383 0.999773741 3.539096355
0.999686897 0.001142773 -0.024996947 -0.094206594 -0.001321699 0.999973655 -0.007142588 -0.033493042 0.024988128 0.007173391 0.999661982 4.293291569
0.999557674 0.003844353 -0.029491656 -0.130757019 -0.004077746 0.999960840 -0.007857799 -0.041613258 0.029460292 0.007974582 0.999534130 5.053632736
0.999410868 0.003858520 -0.034103781 -0.156162947 -0.004056482 0.999975324 -0.005737406 -0.055952325 0.034080803 0.005872367 0.999401808 5.844922543
0.999244630 0.003229649 -0.038726483 -0.189823583 -0.003356626 0.999989212 -0.003214239 -0.061459564 0.038715679 0.003341801 0.999244690 6.644324780
0.999119699 0.002824485 -0.041854955 -0.232260928 -0.002847347 0.999995828 -0.000486625 -0.069711998 0.041853406 0.000605371 0.999123514 7.450974464
0.999006450 0.004155930 -0.044372145 -0.276152521 -0.004210860 0.999990582 -0.001144549 -0.078660131 0.044366974 0.001330257 0.999014378 8.267981529
0.998915553 0.003658680 -0.046416204 -0.321875155 -0.003727969 0.999992132 -0.001406291 -0.083776616 0.046410698 0.001577804 0.998921216 9.088193893
0.998833597 0.000876013 -0.048276793 -0.361725271 -0.000975850 0.999997497 -0.002044484 -0.088778593 0.048274882 0.002089211 0.998831868 9.924859047
0.998730183 0.000676716 -0.050372776 -0.403297365 -0.000739409 0.999998987 -0.001225953 -0.097684912 0.050371882 0.001261643 0.998729765 10.758319855
0.998652697 -0.000895473 -0.051885210 -0.450789392 0.000810997 0.999998331 -0.001649170 -0.104284048 0.051886596 0.001604870 0.998651743 11.609801292
0.998568594 0.001359001 -0.053469300 -0.506696224 -0.001565664 0.999991477 -0.003823378 -0.114162467 0.053463645 0.003901620 0.998562217 12.469681740
0.998487294 0.001505079 -0.054962203 -0.554149806 -0.001853764 0.999978483 -0.006293669 -0.127266899 0.054951552 0.006386036 0.998468518 13.331775665
0.998381615 0.005251721 -0.056625705 -0.613227844 -0.005699339 0.999953806 -0.007746270 -0.141043276 0.056582406 0.008056464 0.998365343 14.206428528
0.998315334 0.006194375 -0.057689749 -0.668354154 -0.006632170 0.999950647 -0.007400406 -0.152006164 0.057641059 0.007770547 0.998307109 15.096714973
0.998243034 0.005588556 -0.058988169 -0.727213025 -0.005949999 0.999964595 -0.005953522 -0.166112497 0.058952808 0.006294042 0.998240888 15.987547874
0.998172462 0.006263014 -0.060104504 -0.790709138 -0.006545972 0.999968469 -0.004512019 -0.177908123 0.060074344 0.004897215 0.998181880 16.886657715
0.998129785 0.005621932 -0.060871635 -0.852472186 -0.005896043 0.999973297 -0.004324424 -0.193411231 0.060845692 0.004675238 0.998136222 17.790149689
0.998007715 0.005792751 -0.062824629 -0.911616325 -0.006114474 0.999969184 -0.004929945 -0.210806280 0.062794127 0.005304263 0.998012543 18.693555832
0.997946799 0.004375129 -0.063898265 -0.974977851 -0.004735968 0.999973714 -0.005496715 -0.224055037 0.063872531 0.005788049 0.997941256 19.606292725
0.997917891 0.003993984 -0.064372592 -1.033179045 -0.004259299 0.999983072 -0.003984861 -0.232281357 0.064355582 0.004250746 0.997917891 20.526609421
0.997907162 0.005827276 -0.064399481 -1.098845124 -0.005888363 0.999982357 -0.000758799 -0.243338972 0.064393923 0.001136418 0.997923851 21.451700211
0.997971594 0.006948902 -0.063279822 -1.163312197 -0.006775141 0.999972582 0.002960099 -0.252415419 0.063298658 -0.002525365 0.997991323 22.382701874
0.998065412 0.005918391 -0.061889496 -1.222422838 -0.005569505 0.999967575 0.005808257 -0.259176761 0.061921861 -0.005452327 0.998066068 23.318021774
0.998158872 0.005745832 -0.060381096 -1.283443093 -0.005357894 0.999963939 0.006584777 -0.262833118 0.060416751 -0.006249137 0.998153687 24.259878159
0.998247623 0.006295863 -0.058840267 -1.342988253 -0.006083427 0.999974251 0.003788814 -0.269678414 0.058862619 -0.003424224 0.998260200 25.206224442
0.998283088 0.006856075 -0.058170110 -1.397785902 -0.006918569 0.999975681 -0.000872999 -0.277523547 0.058162715 0.001273954 0.998306274 26.147369385
0.998352945 0.006410221 -0.057010930 -1.454908848 -0.006637489 0.999970794 -0.003797923 -0.289539814 0.056984913 0.004170077 0.998366356 27.096450806
0.998394191 0.003752268 -0.056524307 -1.506035924 -0.003921456 0.999988198 -0.002882559 -0.298026472 0.056512818 0.003099587 0.998397171 28.055797577
0.998422027 0.002117945 -0.056114554 -1.571920753 -0.002005547 0.999995887 0.002059258 -0.308560193 0.056118678 -0.001943469 0.998422265 29.029165268
0.998368740 -0.001441471 -0.057077363 -1.621082425 0.001770420 0.999982178 0.005713077 -0.321438432 0.057068102 -0.005804808 0.998353422 29.983430862
0.998248637 -0.008911378 -0.058482461 -1.666362643 0.009220393 0.999945045 0.005016188 -0.326950073 0.058434527 -0.005546633 0.998275816 30.960287094
0.998160064 -0.011255452 -0.059580155 -1.725402594 0.011342683 0.999935091 0.001126083 -0.331877768 0.059563607 -0.001799809 0.998222768 31.924764633
0.998082280 -0.010827045 -0.060946647 -1.789169788 0.010669550 0.999938905 -0.002909017 -0.338379800 0.060974415 0.002253165 0.998136640 32.902248383
0.997973680 -0.009339529 -0.062939607 -1.858180523 0.009132780 0.999951959 -0.003571784 -0.348881155 0.062969938 0.002989731 0.998010814 33.886230469
0.997920036 -0.009728504 -0.063726060 -1.918066025 0.009626077 0.999951899 -0.001914144 -0.367896080 0.063741602 0.001296731 0.997965515 34.862144470
0.997846007 -0.006795009 -0.065247700 -1.985460520 0.006860763 0.999976277 0.000783763 -0.379582465 0.065240815 -0.001229724 0.997868717 35.862026215
0.997779250 -0.006876999 -0.066253699 -2.057448149 0.007054986 0.999972165 0.002452829 -0.393784940 0.066235013 -0.002914801 0.997799695 36.843284607
0.997710466 -0.005700363 -0.067389987 -2.125079393 0.006041368 0.999970078 0.004857452 -0.399601996 0.067360289 -0.005253457 0.997714818 37.821128845
0.997734606 -0.005587781 -0.067040488 -2.195701599 0.006146853 0.999948084 0.008135941 -0.410680830 0.066991545 -0.008529598 0.997717083 38.814247131
0.997713089 -0.000007261 -0.067591958 -2.273126364 0.000706347 0.999946594 0.010318841 -0.409960866 0.067588270 -0.010342985 0.997659683 39.800369263
0.997695148 0.000280668 -0.067855269 -2.347890854 0.000368561 0.999954283 0.009555153 -0.412564009 0.067854837 -0.009558137 0.997649372 40.794822693
0.997704268 0.000469095 -0.067720518 -2.416484594 0.000072391 0.999968052 0.007993221 -0.420934916 0.067722119 -0.007979774 0.997672319 41.793067932
0.997699082 0.002937966 -0.067735694 -2.496446609 -0.002560362 0.999980688 0.005660801 -0.425473452 0.067751035 -0.005474349 0.997687221 42.786834717
0.997650146 0.002327294 -0.068475135 -2.571114779 -0.001939410 0.999981701 0.005730543 -0.430078000 0.068487212 -0.005584276 0.997636378 43.775978088
0.997577965 0.000423017 -0.069556192 -2.641103268 0.000052739 0.999976695 0.006837898 -0.436729819 0.069557443 -0.006825005 0.997554600 44.760646820
0.997530520 0.000819904 -0.070230186 -2.714599848 -0.000275595 0.999969900 0.007759695 -0.441832900 0.070234425 -0.007721177 0.997500598 45.746459961
0.997533500 0.003469561 -0.070106022 -2.797682762 -0.003173877 0.999985754 0.004328611 -0.454319477 0.070120044 -0.004095427 0.997530162 46.717182159
0.997448146 0.003865681 -0.071289949 -2.870681286 -0.003874338 0.999992490 0.000016842 -0.461237013 0.071289487 0.000259403 0.997455657 47.682834625
0.997376502 0.004325917 -0.072258979 -2.933201075 -0.004399763 0.999989927 -0.000862803 -0.469320267 0.072254524 0.001178461 0.997385502 48.647182465
0.997364700 0.003224688 -0.072479218 -3.005519390 -0.003012631 0.999990821 0.003034901 -0.484373927 0.072488338 -0.002808551 0.997365236 49.628196716
0.997388721 0.001330649 -0.072206184 -3.082307816 -0.000917041 0.999982953 0.005761013 -0.491233110 0.072212592 -0.005679754 0.997372985 50.599258423
0.997343421 -0.001153865 -0.072833568 -3.143465042 0.001639066 0.999976814 0.006602364 -0.500894487 0.072824255 -0.006704204 0.997322202 51.546592712
0.997303784 -0.004325042 -0.073255464 -3.211550713 0.004721214 0.999975085 0.005235788 -0.507417560 0.073230997 -0.005567526 0.997299433 52.506584167
0.997272253 -0.007237840 -0.073455058 -3.282198191 0.007563899 0.999962747 0.004161657 -0.518671036 0.073422194 -0.004705912 0.997289836 53.457717896
0.997194052 -0.008532039 -0.074373037 -3.355359554 0.008937826 0.999946952 0.005124972 -0.525692165 0.074325360 -0.005775325 0.997217298 54.410678864
0.997075856 -0.011884908 -0.075487494 -3.427031994 0.012622719 0.999877036 0.009304356 -0.530604661 0.075367607 -0.010230005 0.997103393 55.363849640
0.996995568 -0.012417857 -0.076456174 -3.492865086 0.013550921 0.999805689 0.014318861 -0.535182953 0.076263510 -0.015311895 0.996970057 56.315475464
0.996990383 -0.010538273 -0.076805517 -3.575605154 0.011818632 0.999798417 0.016234715 -0.532568395 0.076618955 -0.017093593 0.996913850 57.260406494
0.996889770 -0.009294119 -0.078259192 -3.652318954 0.010275416 0.999873519 0.012145701 -0.534283221 0.078136407 -0.012912069 0.996858954 58.192523956
0.996790767 -0.007729718 -0.079678006 -3.729193926 0.008125291 0.999956250 0.004641634 -0.540558755 0.079638660 -0.005274145 0.996809781 59.119159698
0.996753275 -0.005818476 -0.080305129 -3.815350056 0.005809150 0.999983013 -0.000349766 -0.546146452 0.080305815 -0.000117875 0.996770263 60.031196594
0.996720493 -0.000778417 -0.080916926 -3.901124954 0.000819932 0.999999583 0.000479827 -0.556350708 0.080916516 -0.000544600 0.996720731 60.927371979
0.996592879 0.001514276 -0.082463406 -3.977091789 -0.001258657 0.999994338 0.003151693 -0.573832750 0.082467712 -0.003037161 0.996589065 61.829826355
0.996490061 0.004166474 -0.083606265 -4.054428101 -0.003798072 0.999982476 0.004564969 -0.584877729 0.083623797 -0.004231403 0.996488392 62.717884064
0.996379435 0.005021221 -0.084868342 -4.132080078 -0.004641185 0.999978304 0.004674666 -0.598586559 0.084889986 -0.004263851 0.996381104 63.590297699
0.995559633 0.005175169 -0.093990043 -4.121259689 -0.004658527 0.999972820 0.005715362 -0.625150681 0.094017051 -0.005252129 0.995556653 64.004257202
0.995423496 0.006346425 -0.095350325 -4.208004951 -0.005781195 0.999964058 0.006203011 -0.634098530 0.095386259 -0.005623384 0.995424390 64.847846985
0.995149732 0.004363239 -0.098274618 -4.198307991 -0.003683648 0.999967992 0.007095626 -0.651571333 0.098302454 -0.006699203 0.995134056 65.593116760
0.995045781 0.004201137 -0.099328488 -4.281709194 -0.003424883 0.999962270 0.007984260 -0.656477451 0.099358276 -0.007604517 0.995022595 66.398391724
0.995741367 0.009545807 -0.091695584 -4.518476486 -0.008644359 0.999910355 0.010223041 -0.640840173 0.091784962 -0.009386857 0.995734572 67.714416504
0.995599627 0.011397603 -0.093013808 -4.595916271 -0.010114602 0.999847233 0.014253460 -0.646289170 0.093162052 -0.013249941 0.995562732 68.496253967
0.995420992 0.014217150 -0.094524972 -4.680853367 -0.012754891 0.999789715 0.016055811 -0.647733092 0.094733357 -0.014776636 0.995392978 69.275421143
0.997890532 0.044298295 -0.047455236 -6.076767445 -0.044229183 0.999018192 0.002505922 -0.513656378 0.047519654 -0.000401729 0.998870134 71.558143616
0.997799039 0.044522915 -0.049139496 -6.114400864 -0.044801604 0.998985350 -0.004584067 -0.528369963 0.048885539 0.006775507 0.998781443 72.283721924
0.995007217 0.016191397 -0.098481223 -4.915340424 -0.016379697 0.999865234 -0.001103795 -0.670944333 0.098450057 0.002711377 0.995138288 71.463752747
0.994952977 0.016687464 -0.098945387 -4.987977028 -0.017003778 0.999852717 -0.002354373 -0.676538765 0.098891504 0.004024936 0.995090008 72.152565002
0.994845450 0.019486897 -0.099512614 -5.067740440 -0.019452013 0.999809980 0.001320855 -0.686488807 0.099519432 0.000621675 0.995035470 72.830787659
0.994715214 0.020095298 -0.100686178 -5.141623497 -0.019838341 0.999796927 0.003552776 -0.700740099 0.100737117 -0.001536554 0.994911969 73.482406616
0.994657934 0.016723745 -0.101862788 -5.201887131 -0.016781552 0.999859154 0.000289464 -0.713082850 0.101853266 0.001421497 0.994798422 74.106681824
0.994772017 0.008434392 -0.101771511 -5.256458759 -0.008952371 0.999949217 -0.004633971 -0.729974866 0.101727247 0.005520843 0.994797051 74.726104736
0.994896829 0.004431205 -0.100800008 -5.309723377 -0.005440325 0.999937832 -0.009738412 -0.734483004 0.100750595 0.010237100 0.994859099 75.322990417
0.995178819 0.006771886 -0.097843602 -5.366053581 -0.007787548 0.999919653 -0.010002290 -0.745004892 0.097768009 0.010716029 0.995151579 75.906448364
0.995534778 0.011719885 -0.093664639 -5.433759212 -0.012393692 0.999901295 -0.006615301 -0.764400423 0.093577847 0.007746613 0.995581806 76.476364136
0.995969772 0.010182896 -0.089109957 -5.482704639 -0.010553106 0.999937475 -0.003684348 -0.771956623 0.089066863 0.004609886 0.996015012 77.031486511
0.996496916 0.006663412 -0.083363928 -5.519112110 -0.006662239 0.999977708 0.000292279 -0.779479980 0.083364010 0.000264135 0.996519148 77.578109741
0.997185946 0.002069681 -0.074938811 -5.552344799 -0.001772767 0.999990284 0.004028395 -0.796645880 0.074946426 -0.003884210 0.997179925 78.105079651
0.997896075 0.005678066 -0.064584322 -5.577351093 -0.005443246 0.999977887 0.003811241 -0.803864002 0.064604521 -0.003451673 0.997904956 78.621482849
0.998714983 0.010875828 -0.049497806 -5.604075432 -0.010720506 0.999936819 0.003402347 -0.810953736 0.049531672 -0.002867333 0.998768389 79.127166748
0.999384463 0.015895994 -0.031272963 -5.622215271 -0.015786529 0.999868453 0.003744115 -0.813760400 0.031328373 -0.003248119 0.999503851 79.621376038
0.999853909 0.014611476 -0.008869819 -5.616293907 -0.014572800 0.999884129 0.004409508 -0.820534706 0.008933224 -0.004279607 0.999950886 80.102722168
0.999792576 0.011096484 0.017077696 -5.581160545 -0.011190123 0.999922812 0.005397412 -0.827648640 -0.017016485 -0.005587394 0.999839544 80.555496216
0.998867869 0.009864371 0.046536893 -5.535668373 -0.010203886 0.999922991 0.007063692 -0.836424887 -0.046463631 -0.007530551 0.998891532 81.012199402
0.996778965 0.009410667 0.079643756 -5.480492115 -0.010114943 0.999913216 0.008443994 -0.842672586 -0.079557374 -0.009222387 0.996787548 81.459884644
0.993070364 0.009508831 0.117136031 -5.403842926 -0.010621374 0.999904275 0.008877299 -0.846507251 -0.117040388 -0.010059927 0.993076205 81.903305054
0.987267196 0.009616140 0.158779576 -5.318057060 -0.011164554 0.999898434 0.008862820 -0.850832522 -0.158678219 -0.010522674 0.987274230 82.306015015
0.978968978 0.009236052 0.203799665 -5.202106476 -0.011208607 0.999900877 0.008526728 -0.854143023 -0.203700706 -0.010631711 0.978975415 82.721244812
0.967490017 0.011551385 0.252645016 -5.065595627 -0.013619162 0.999886513 0.006437220 -0.861273110 -0.252541989 -0.009668759 0.967537582 83.124412537
0.951997817 0.012508797 0.305848897 -4.911172867 -0.014337649 0.999890208 0.003733831 -0.870875537 -0.305768669 -0.007939751 0.952072680 83.509407043
0.932131469 0.013002175 0.361886352 -4.736017227 -0.014463173 0.999894559 0.001328528 -0.874010682 -0.361830890 -0.006472388 0.932221174 83.877494812
0.907840908 0.013780295 0.419088274 -4.549129486 -0.014864727 0.999889314 -0.000677570 -0.876982927 -0.419051170 -0.005614508 0.907945156 84.203102112
0.878591180 0.014147366 0.477365077 -4.332809448 -0.014407152 0.999891341 -0.003116762 -0.878611386 -0.477357268 -0.004139112 0.878699481 84.532028198
0.845085859 0.013004530 0.534472466 -4.089801788 -0.012039385 0.999913573 -0.005293238 -0.885825455 -0.534494996 -0.001961481 0.845169306 84.836906433
0.808108568 0.012694740 0.588896751 -3.829120636 -0.010634854 0.999919236 -0.006961486 -0.892064095 -0.588937640 -0.000637196 0.808178246 85.126258850
0.768077493 0.011219958 0.640258670 -3.553131104 -0.009697741 0.999935627 -0.005889215 -0.903985143 -0.640283465 -0.001685690 0.768136859 85.393989563
0.725316823 0.010631936 0.688333154 -3.261520386 -0.011218791 0.999930501 -0.003623274 -0.913612485 -0.688323796 -0.005094245 0.725385666 85.643157959
0.679916739 0.009730803 0.733224809 -2.958408356 -0.010516896 0.999938488 -0.003518147 -0.919862032 -0.733213902 -0.005319200 0.679977298 85.870323181
0.634695292 0.008106390 0.772720039 -2.632701874 -0.007325148 0.999963224 -0.004473621 -0.932799220 -0.772727787 -0.002820903 0.634731233 86.057403564
0.588146806 0.005280186 0.808737040 -2.298183441 -0.001488391 0.999984086 -0.005446407 -0.940678060 -0.808752835 0.001999569 0.588145196 86.234062195
0.541292906 0.007386860 0.840801716 -1.965003967 -0.003602065 0.999972641 -0.006466313 -0.950105190 -0.840826333 0.000471547 0.541304708 86.403961182
0.494504571 0.010377210 0.869113147 -1.625629425 -0.007050012 0.999943733 -0.007928040 -0.956307352 -0.869146466 -0.002206806 0.494549900 86.555068970
0.448826373 0.012620382 0.893529892 -1.283035278 -0.007646044 0.999917924 -0.010282365 -0.963435531 -0.893586397 -0.002216974 0.448886007 86.693824768
0.406000435 0.010022225 0.913817942 -0.930759430 -0.000442270 0.999941885 -0.010770286 -0.971232653 -0.913872719 0.003968586 0.405981392 86.811035156
0.365559995 0.002689698 0.930783927 -0.570823669 0.013652731 0.999872744 -0.008251375 -0.979722977 -0.930687666 0.015724111 0.365476698 86.912666321
0.329916716 -0.000728512 0.944009840 -0.204666138 0.017539168 0.999831796 -0.005358075 -0.982783318 -0.943847060 0.018324865 0.329873949 87.003997803
0.296797931 0.003253223 0.954934776 0.161479950 0.014953491 0.999855816 -0.008053869 -0.990961194 -0.954823256 0.016669979 0.296706408 87.097030640
0.266174734 0.010554587 0.963867009 0.530195236 0.004487695 0.999915719 -0.012188618 -1.006685138 -0.963914394 0.007569843 0.266104758 87.190780640
0.237973541 0.014959585 0.971156478 0.908798218 -0.000377011 0.999882758 -0.015309699 -1.023914576 -0.971271634 0.003277164 0.237951249 87.271316528
0.211766869 0.016862888 0.977174699 1.316085815 0.000786676 0.999847889 -0.017424636 -1.036062598 -0.977319837 0.004458682 0.211721435 87.359146118
0.188458979 0.018420065 0.981908262 1.719453812 0.008064228 0.999761403 -0.020302756 -1.044050932 -0.982047975 0.011744571 0.188265443 87.408020020
0.168666556 0.024154177 0.985377133 2.130801201 0.015068701 0.999519706 -0.027080152 -1.048515677 -0.985558033 0.019415868 0.168221563 87.448341370
0.148855373 0.031663269 0.988351941 2.554349899 0.017011125 0.999257386 -0.034574676 -1.044496775 -0.988712668 0.021959601 0.148206189 87.499877930
0.131120011 0.032234646 0.990842342 2.993351936 0.014794826 0.999296367 -0.034467507 -1.058839083 -0.991256177 0.019178716 0.130550832 87.554450989
0.115910128 0.027530264 0.992878020 3.449367523 0.013755701 0.999475479 -0.029319050 -1.082488179 -0.993164480 0.017056108 0.115470633 87.604072571
0.101351634 0.024336567 0.994552910 3.919722557 0.013545077 0.999574363 -0.025839774 -1.104048371 -0.994758427 0.016090201 0.100978851 87.643951416
0.088281207 0.021673083 0.995859742 4.404428959 0.015959401 0.999604225 -0.023169342 -1.122108698 -0.995967746 0.017938744 0.087900378 87.675033569
0.076569363 0.021102751 0.996840954 4.896457672 0.019766672 0.999547362 -0.022678366 -1.134652495 -0.996868312 0.021440694 0.076117590 87.700408936
0.066588663 0.021607848 0.997546494 5.405363083 0.023415979 0.999456286 -0.023212297 -1.145975351 -0.997505665 0.024904201 0.066046491 87.725410461
0.058752112 0.022264546 0.998024285 5.931947708 0.025555078 0.999390125 -0.023799405 -1.159723163 -0.997945368 0.026902853 0.058147304 87.749954224
0.053168576 0.022510551 0.998331845 6.483391762 0.027325336 0.999338746 -0.023988534 -1.176551580 -0.998211563 0.028555186 0.052518301 87.775596619
0.047647990 0.023762833 0.998581529 7.046638012 0.028647799 0.999273360 -0.025146244 -1.186850905 -0.998453200 0.029805334 0.046932615 87.797065735
0.041958712 0.024512865 0.998818636 7.621603012 0.029496811 0.999232888 -0.025762144 -1.201196194 -0.998683810 0.030542910 0.041203465 87.813293457
0.037605502 0.024228044 0.998998880 8.225633621 0.031881098 0.999168038 -0.025432255 -1.221327424 -0.998783946 0.032805573 0.036801808 87.832206726
0.034443505 0.024548672 0.999105096 8.848857880 0.032867238 0.999129653 -0.025682351 -1.238323450 -0.998866081 0.033722408 0.033606686 87.852645874
0.031325907 0.024128312 0.999217868 9.487212181 0.033934403 0.999106586 -0.025189480 -1.256358981 -0.998933077 0.034696948 0.030479133 87.870040894
0.029016720 0.023320025 0.999306858 10.140013695 0.036159106 0.999049008 -0.024363957 -1.278713703 -0.998924673 0.036840998 0.028145900 87.886787415
0.028477216 0.022971394 0.999330461 10.815710068 0.040851921 0.998874009 -0.024125028 -1.297572970 -0.998759210 0.041511592 0.027506728 87.897491455
0.029680833 0.022622591 0.999303401 11.504440308 0.044384029 0.998728037 -0.023927839 -1.316906214 -0.998573542 0.045063309 0.028638994 87.914085388
0.031767514 0.022651792 0.999238551 12.209460258 0.045443650 0.998676538 -0.024083789 -1.336604595 -0.998461604 0.046174120 0.030696098 87.936477661
0.035490006 0.022747463 0.999111116 12.931962967 0.047721002 0.998561978 -0.024430083 -1.355962873 -0.998229980 0.048545599 0.034353446 87.963966370
0.040046297 0.022189757 0.998951375 13.673864365 0.048394192 0.998537123 -0.024120595 -1.377706885 -0.998025060 0.049309384 0.038913865 87.993141174
0.043617815 0.020598166 0.998835862 14.427575111 0.049865942 0.998496413 -0.022768741 -1.398745060 -0.997802973 0.050801009 0.042525083 88.034240723
0.047862802 0.018774472 0.998677433 15.187763214 0.049864087 0.998531818 -0.021161530 -1.421273589 -0.997608423 0.050810993 0.046856355 88.063804626
0.051864687 0.016693570 0.998514593 15.961994171 0.046541981 0.998733401 -0.019114709 -1.442743659 -0.997568905 0.047464225 0.051022045 88.114532471
0.055791467 0.015523321 0.998321831 16.758216858 0.045882873 0.998782933 -0.018094672 -1.463805079 -0.997387588 0.046815395 0.055011306 88.169181824
0.060047418 0.016836520 0.998053491 17.568805695 0.043093838 0.998881876 -0.019443214 -1.482022762 -0.997264862 0.044177461 0.059254728 88.222267151
0.062824011 0.020953691 0.997804582 18.368629456 0.040971719 0.998882651 -0.023556003 -1.509088993 -0.997183204 0.042361651 0.061895307 88.282104492
0.064337991 0.026221737 0.997583568 19.172332764 0.035216946 0.998972476 -0.028529517 -1.534459591 -0.997306526 0.036967382 0.063348435 88.345451355
0.064247422 0.029478176 0.997498512 19.982748032 0.032288253 0.998978972 -0.031601567 -1.563220978 -0.997411489 0.034237802 0.063230030 88.400794983
0.064438358 0.028772296 0.997506857 20.805976868 0.029891586 0.999080122 -0.030748656 -1.598438501 -0.997473896 0.031798452 0.063519031 88.464309692
0.064511463 0.027126735 0.997548282 21.623102188 0.026686650 0.999226153 -0.028898187 -1.630397677 -0.997560143 0.028485483 0.063737616 88.524581909
0.064242817 0.025566263 0.997606695 22.437892914 0.027865848 0.999236107 -0.027402492 -1.666980028 -0.997545183 0.029559573 0.063481316 88.580902100
0.064621709 0.024494683 0.997609138 23.252929688 0.025665564 0.999327183 -0.026199397 -1.705818295 -0.997579694 0.027297251 0.063949563 88.640472412
0.064347841 0.024936356 0.997615874 24.073564529 0.023806293 0.999364972 -0.026515618 -1.741308331 -0.997643530 0.025455762 0.063713327 88.706970215
0.064615346 0.025448976 0.997585654 24.887310028 0.020780783 0.999423683 -0.026841873 -1.776193619 -0.997693837 0.022465011 0.064049266 88.763893127
0.063057512 0.026556768 0.997656465 25.698631287 0.017860087 0.999455869 -0.027733525 -1.811557412 -0.997850120 0.019567041 0.062548891 88.828842163
0.060410578 0.026211152 0.997829378 26.513267517 0.014772536 0.999522209 -0.027149981 -1.843327045 -0.998064280 0.016380617 0.059994504 88.884323120
0.056628309 0.025679728 0.998065174 27.329040527 0.012918781 0.999566734 -0.026451347 -1.864763141 -0.998311698 0.014391681 0.056272022 88.932510376
0.051584948 0.023516819 0.998391688 28.140014648 0.010925411 0.999649584 -0.024110943 -1.893701792 -0.998608768 0.012151601 0.051309936 88.980773926
0.045437157 0.021243175 0.998741329 28.951856613 0.008692940 0.999727547 -0.021659635 -1.926090002 -0.998929262 0.009666151 0.045240119 89.021331787
0.038228307 0.021440983 0.999038994 29.756217957 0.008636288 0.999725401 -0.021786181 -1.955057383 -0.999231696 0.009460836 0.038032636 89.053131104
0.029706344 0.022139132 0.999313414 30.557472229 0.008666459 0.999711454 -0.022405570 -1.983422041 -0.999521077 0.009326098 0.029505901 89.076293945
0.019857047 0.022630747 0.999546707 31.361097336 0.009232132 0.999697089 -0.022817556 -2.010034800 -0.999760211 0.009681036 0.019642107 89.091781616
0.009517062 0.021750612 0.999718130 32.150943756 0.010349241 0.999707699 -0.021848910 -2.040501595 -0.999901175 0.010554261 0.009289176 89.098846436
-0.001485754 0.020415602 0.999790549 32.944664001 0.009106980 0.999750376 -0.020401254 -2.073473454 -0.999957442 0.009074759 -0.001671307 89.101905823
-0.012576938 0.019934438 0.999722183 33.731685638 0.010672305 0.999746919 -0.019800670 -2.098203421 -0.999863923 0.010420308 -0.012786504 89.088798523
-0.023439508 0.020416627 0.999516785 34.513732910 0.011034588 0.999735832 -0.020162333 -2.123388529 -0.999664307 0.010556662 -0.023658605 89.070701599
-0.034588691 0.021093173 0.999179184 35.291805267 0.011129481 0.999723375 -0.020719400 -2.149095297 -0.999339640 0.010403685 -0.034813877 89.043685913
-0.045010794 0.022041371 0.998743355 36.067726135 0.010466169 0.999712050 -0.021591077 -2.178214312 -0.998931646 0.009481180 -0.045228526 89.002403259
-0.055426896 0.023083400 0.998195946 36.831565857 0.011031829 0.999685824 -0.022505296 -2.203337669 -0.998401821 0.009764525 -0.055664144 88.960006714
-0.065249018 0.023856707 0.997583866 37.591575623 0.011985556 0.999660790 -0.023122435 -2.230814457 -0.997797132 0.010447879 -0.065512806 88.909568787
-0.074684478 0.024432110 0.996907890 38.361557007 0.012763553 0.999641299 -0.023542909 -2.257828474 -0.997125506 0.010965798 -0.074969530 88.853340149
-0.083987288 0.024797065 0.996158242 39.098587036 0.013567243 0.999626100 -0.023739524 -2.286570072 -0.996374428 0.011521301 -0.084292322 88.789520264
-0.092611961 0.024207123 0.995407939 39.829589844 0.014739960 0.999628186 -0.022938360 -2.313203335 -0.995593131 0.012547908 -0.092934333 88.716445923
-0.100233391 0.023105532 0.994695663 40.557670593 0.016430045 0.999632478 -0.021564590 -2.339612007 -0.994828165 0.014181403 -0.100576192 88.645645142
-0.104866803 0.021522131 0.994253397 41.298652649 0.019484725 0.999618351 -0.019583153 -2.370102882 -0.994295418 0.017319130 -0.105246134 88.550460815
-0.108061053 0.020147448 0.993940175 42.002422333 0.023069425 0.999576211 -0.017753588 -2.391867161 -0.993876636 0.021011150 -0.108480021 88.456932068
-0.111140221 0.018921955 0.993624508 42.713188171 0.024291655 0.999571800 -0.016318103 -2.416224957 -0.993507802 0.022323182 -0.111552261 88.382926941
-0.113001250 0.017980553 0.993432105 43.398574829 0.024343135 0.999586344 -0.015322949 -2.440096140 -0.993296564 0.022451736 -0.113392204 88.307731628
-0.113924958 0.018386239 0.993319213 44.063705444 0.025152482 0.999561667 -0.015617018 -2.462246656 -0.993170917 0.023205280 -0.114337474 88.234596252
-0.112727173 0.019256242 0.993439376 44.715591431 0.025678134 0.999534726 -0.016460653 -2.484344244 -0.993294179 0.023654105 -0.113169193 88.158843994
-0.109618224 0.021199476 0.993747652 45.343425751 0.026985563 0.999467432 -0.018344773 -2.503293991 -0.993607402 0.024805922 -0.110131927 88.091117859
-0.104765788 0.021637401 0.994261503 45.965110779 0.026963381 0.999457598 -0.018909337 -2.525339127 -0.994131267 0.024827603 -0.105292380 88.029953003
-0.096895471 0.022287171 0.995045125 46.555191040 0.026517933 0.999452293 -0.019803623 -2.546930313 -0.994941294 0.024467658 -0.097433388 87.977844238
-0.085630715 0.022191713 0.996079862 47.138771057 0.025276057 0.999478579 -0.020094508 -2.571685791 -0.996006191 0.023456262 -0.086146995 87.937561035
-0.071811542 0.022505496 0.997164369 47.697921753 0.024511337 0.999483347 -0.020792631 -2.594022751 -0.997116983 0.022948679 -0.072326064 87.904502869
-0.055040948 0.023609873 0.998204947 48.240325928 0.022993438 0.999485314 -0.022372302 -2.621750832 -0.998219311 0.021720769 -0.055555481 87.892768860
-0.033953942 0.026345244 0.999076128 48.773601532 0.020949680 0.999451637 -0.025643166 -2.642881632 -0.999203801 0.020059638 -0.034487240 87.895843506
-0.009137604 0.029420173 0.999525428 49.293106079 0.019027451 0.999391258 -0.029242283 -2.665447950 -0.999777257 0.018751215 -0.009691827 87.907463074
0.018811274 0.030756518 0.999349952 49.808452606 0.017272308 0.999367595 -0.031082191 -2.692612171 -0.999673784 0.017845774 0.018268149 87.940711975
0.052322920 0.030427607 0.998166680 50.314643860 0.014561504 0.999406219 -0.031228706 -2.712597847 -0.998524010 0.016168782 0.051848788 87.984390259
0.090662003 0.027800933 0.995493650 50.811576843 0.014170434 0.999473095 -0.029202603 -2.738874197 -0.995780885 0.016754143 0.090220280 88.042205811
0.132844239 0.024041314 0.990845382 51.296676636 0.012313121 0.999588668 -0.025904300 -2.759154558 -0.991060436 0.015641633 0.132493570 88.128921509
0.178284064 0.020002812 0.983775795 51.791007996 0.009308815 0.999714315 -0.022013869 -2.778370380 -0.983934999 0.013082508 0.178046927 88.244819641
0.226707205 0.016697321 0.973819852 52.273902893 0.004723134 0.999822497 -0.018242728 -2.796841145 -0.973951459 0.008735240 0.226588085 88.390396118
0.278675228 0.014980973 0.960268617 52.741600037 0.000936600 0.999873579 -0.015870655 -2.817072153 -0.960384965 0.005322145 0.278625935 88.555694580
0.332804292 0.014733006 0.942880809 53.210830688 0.000140768 0.999877214 -0.015673291 -2.833153009 -0.942995846 0.005348865 0.332761317 88.752388000
0.391084492 0.015765663 0.920219719 53.655181885 0.002095902 0.999835491 -0.018020418 -2.841656208 -0.920352399 0.008976196 0.390987039 88.966964722
0.451580107 0.018324584 0.892042458 54.072162628 0.003349057 0.999747336 -0.022232488 -2.864744663 -0.892224312 0.013027248 0.451404542 89.206787109
0.508226991 0.020844171 0.860970914 54.428825378 0.004482770 0.999629438 -0.026847266 -2.895451546 -0.861211479 0.017504036 0.507945240 89.509231567
0.566740274 0.025144452 0.823512733 54.799163818 0.000612845 0.999521077 -0.030940302 -2.906455517 -0.823896289 0.018039798 0.566453397 89.806976318
0.623368144 0.028090732 0.781423807 55.145236969 -0.003369558 0.999441683 -0.033240065 -2.920730591 -0.781921208 0.018087741 0.623114765 90.124259949
0.676794946 0.028443899 0.735621929 55.473304749 -0.004714485 0.999400198 -0.034305803 -2.941099167 -0.736156523 0.019749913 0.676523089 90.467346191
0.724105358 0.029451260 0.689060271 55.712818146 -0.006667039 0.999340057 -0.035706867 -2.935931683 -0.689657092 0.021261539 0.723823845 90.816543579
0.769436240 0.027051380 0.638150573 55.973312378 -0.009280575 0.999470830 -0.031177986 -2.943830013 -0.638656199 0.018067071 0.769279957 91.196975708
0.811311126 0.022544134 0.584179699 56.222400665 -0.010117127 0.999647975 -0.024526801 -2.951430798 -0.584526896 0.013988648 0.811253548 91.598281860
0.848304451 0.020270268 0.529120624 56.444873810 -0.012674721 0.999758065 -0.017979525 -2.963322639 -0.529356956 0.008545659 0.848356009 92.015220642
0.879416406 0.015174216 0.475811392 56.630310059 -0.012212122 0.999881983 -0.009316475 -2.988797426 -0.475896657 0.002382397 0.879497886 92.442710876
0.905175149 0.016143069 0.424732059 56.794830322 -0.015986087 0.999864340 -0.003933470 -2.997875452 -0.424738020 -0.003229325 0.905310512 92.882873535
0.925022721 0.018198591 0.379475623 56.922431946 -0.019624012 0.999807358 -0.000111807 -3.010776043 -0.379404575 -0.007343411 0.925201714 93.324317932
0.940167248 0.024166171 0.339855164 57.032669067 -0.026646474 0.999641418 0.002632407 -3.019249439 -0.339669704 -0.011530844 0.940474093 93.771865845
0.951947033 0.028647972 0.304919630 57.139801025 -0.030670902 0.999527752 0.001845184 -3.022296906 -0.304722786 -0.011108678 0.952376246 94.225860596
0.961044371 0.030938234 0.274657160 57.241294861 -0.032698508 0.999463499 0.001831648 -3.019098043 -0.274453104 -0.010741174 0.961540461 94.688331604
0.967364550 0.024920642 0.252160072 57.359184265 -0.026368013 0.999649584 0.002361884 -3.027291059 -0.252012789 -0.008933762 0.967682600 95.149726868
0.971405685 0.021622846 0.236439034 57.468109131 -0.023072660 0.999728143 0.003366382 -3.036076069 -0.236301959 -0.008725396 0.971640468 95.632133484
0.974310696 0.026758432 0.223612756 57.564987183 -0.028044613 0.999603450 0.002577423 -3.035489082 -0.223455086 -0.008782342 0.974674582 96.125648499
0.976295233 0.032051839 0.214056537 57.656585693 -0.033489008 0.999434352 0.003090068 -3.034764290 -0.213836417 -0.010185357 0.976816297 96.630393982
0.977249444 0.039869912 0.208311960 57.742801666 -0.041109614 0.999153435 0.001623507 -3.034060478 -0.208070904 -0.010150197 0.978060961 97.140571594
0.977556586 0.045702763 0.205655903 57.834495544 -0.046354137 0.998923779 -0.001652225 -3.042092323 -0.205510050 -0.007917856 0.978622913 97.658325195
0.977702618 0.047246505 0.204609990 57.943511963 -0.047426645 0.998866677 -0.004026168 -3.054050446 -0.204568297 -0.005767571 0.978835225 98.187736511
0.977308154 0.045226596 0.206938028 58.062431335 -0.044682458 0.998974502 -0.007305048 -3.065150499 -0.207056209 -0.002107216 0.978326738 98.698471069
0.976550698 0.044099268 0.210722908 58.186042786 -0.042077340 0.999015212 -0.014071524 -3.068090677 -0.211135969 0.004874896 0.977444530 99.246360779
0.975627124 0.044616356 0.214851201 58.310333252 -0.041542049 0.998959720 -0.018805534 -3.075351238 -0.215466753 0.009421830 0.976465642 99.804405212
0.974383414 0.049230721 0.219438970 58.430320740 -0.046336461 0.998757839 -0.018319933 -3.087277174 -0.220068336 0.007682613 0.975454152 100.386863708
0.972939730 0.052497517 0.225016341 58.558418274 -0.050504684 0.998616993 -0.014607375 -3.096529007 -0.225472018 0.002847715 0.974245489 100.979728699
0.972033322 0.048929904 0.229688823 58.703842163 -0.048037075 0.998800635 -0.009480565 -3.114603043 -0.229877159 -0.001818152 0.973217964 101.577873230
0.971377313 0.044686940 0.233300477 58.858158112 -0.045007281 0.998978913 -0.003953062 -3.125530243 -0.233238831 -0.006660304 0.972396731 102.191398621
0.970514953 0.042251948 0.237308785 59.010063171 -0.043638662 0.999047279 0.000591124 -3.133579969 -0.237057686 -0.010929531 0.971434116 102.820594788
0.970046341 0.037313294 0.240037069 59.172317505 -0.038795277 0.999246240 0.001449990 -3.142992258 -0.239801958 -0.010718859 0.970762670 103.452293396
0.970061243 0.034037013 0.240463451 59.331787109 -0.034607917 0.999399364 -0.001849627 -3.148454666 -0.240381911 -0.006527686 0.970656455 104.096176147
0.970201373 0.033548128 0.239966407 59.497142792 -0.032338127 0.999436617 -0.008979286 -3.155100822 -0.240132421 0.000951647 0.970739663 104.734336853
0.970340669 0.035806853 0.239074871 59.654178619 -0.033052597 0.999333084 -0.015521046 -3.164918423 -0.239471182 0.007158657 0.970877111 105.393577576
0.970889628 0.038775716 0.236367956 59.810775757 -0.035122812 0.999189854 -0.019647060 -3.169697285 -0.236938268 0.010773218 0.971464932 106.070640564
0.971479595 0.037256427 0.234177783 59.971145630 -0.034604289 0.999282002 -0.015425542 -3.178920746 -0.234584346 0.006882044 0.972071409 106.765899658
0.971989810 0.032843098 0.232717022 60.145534515 -0.032015931 0.999460518 -0.007331715 -3.197946072 -0.232832253 -0.000324300 0.972516775 107.454589844
0.972596765 0.033265341 0.230106279 60.314216614 -0.033832055 0.999426484 -0.001483305 -3.211236477 -0.230023652 -0.006342310 0.973164499 108.176284790
0.972853780 0.036478639 0.228527725 60.468669891 -0.037022449 0.999312580 -0.001908443 -3.226403475 -0.228440270 -0.006604022 0.973535538 108.899864197
0.973137200 0.042554934 0.226258993 60.628799438 -0.042117640 0.999089777 -0.006761958 -3.231067657 -0.226340786 -0.002949183 0.974043727 109.626197815
0.974011242 0.043473791 0.222288370 60.792060852 -0.041852921 0.999051750 -0.011999520 -3.240802526 -0.222599253 0.002384251 0.974907219 110.362838745
0.974915862 0.042051546 0.218565613 60.957706451 -0.039730798 0.999097764 -0.015004315 -3.253196716 -0.218999401 0.005944159 0.975706875 111.122817993
0.975808263 0.040033635 0.214931920 61.122100830 -0.038043674 0.999186397 -0.013389094 -3.267347813 -0.215293050 0.004888388 0.976537228 111.895751953
0.976745069 0.036270507 0.211314738 61.293937683 -0.034654826 0.999334991 -0.011345462 -3.282769918 -0.211585715 0.003758548 0.977352202 112.675544739
0.977154970 0.034996629 0.209626704 61.458969116 -0.033981200 0.999386787 -0.008444875 -3.298987627 -0.209793702 0.001128584 0.977744997 113.459373474
0.977500200 0.031632934 0.208548740 61.627788544 -0.031016765 0.999499559 -0.006224932 -3.307963371 -0.208641291 -0.000383635 0.977992117 114.261138916
0.977697074 0.026713271 0.208314404 61.797920227 -0.026265817 0.999643028 -0.004914307 -3.320059776 -0.208371297 -0.000666845 0.978049576 115.054542542
0.977856517 0.027438339 0.207469776 61.969383240 -0.027328458 0.999620795 -0.003396267 -3.331972599 -0.207484260 -0.002348767 0.978235543 115.859626770
0.977589607 0.032630384 0.207975313 62.132873535 -0.032191988 0.999466717 -0.005493079 -3.340260267 -0.208043635 -0.001325160 0.978118598 116.677803040
0.977264583 0.038664039 0.208468109 62.295375824 -0.037656400 0.999251962 -0.008801596 -3.353154659 -0.208652496 0.000751330 0.977989614 117.493530273
0.976697624 0.047339965 0.209334090 62.456462860 -0.046192043 0.998878837 -0.010372070 -3.363152027 -0.209590405 0.000460808 0.977789223 118.327354431
0.975824893 0.052787453 0.212083325 62.623241425 -0.051888235 0.998604715 -0.009807292 -3.379429340 -0.212305129 -0.001434431 0.977202356 119.142616272
0.975017428 0.055531260 0.215075061 62.794128418 -0.055135470 0.998447955 -0.007843927 -3.395652533 -0.215176851 -0.004210297 0.976566017 119.978118896
0.974422097 0.056233078 0.217576057 62.975379944 -0.055713419 0.998410344 -0.008527124 -3.413998604 -0.217709690 -0.003812887 0.976006150 120.811523438
0.974076450 0.054772727 0.219488278 63.155971527 -0.053548124 0.998498678 -0.011529246 -3.425866127 -0.219790280 -0.000522818 0.975547075 121.644813538
0.974116504 0.048588190 0.220762849 63.354156494 -0.047523398 0.998818696 -0.010135204 -3.447056770 -0.220994517 -0.000618529 0.975274801 122.476264954
0.974315643 0.042109847 0.221214652 63.544910431 -0.040547218 0.999110281 -0.011602302 -3.467440367 -0.221506432 0.002334665 0.975156069 123.309745789
0.974106312 0.041301355 0.222286388 63.734970093 -0.039705921 0.999143541 -0.011643574 -3.487935066 -0.222576886 0.002515994 0.974911869 124.138412476
0.973579526 0.043929189 0.224082902 63.924125671 -0.043061439 0.999033988 -0.008760278 -3.505625963 -0.224251285 -0.001120507 0.974530756 124.979682922
0.973158836 0.045767263 0.225537792 64.107177734 -0.046268679 0.998924255 -0.003064949 -3.519721746 -0.225435451 -0.007452654 0.974229634 125.804252625
0.972755313 0.049463201 0.226496413 64.286766052 -0.051033743 0.998696268 0.001079988 -3.536957741 -0.226147741 -0.012609523 0.974011421 126.629722595
0.972555280 0.048633780 0.227532342 64.474960327 -0.048725743 0.998798609 -0.005216300 -3.555938244 -0.227512643 -0.006013541 0.973756611 127.454238892
0.972777843 0.044800825 0.227368072 64.663299561 -0.041429985 0.998949647 -0.019578826 -3.574416399 -0.228006378 0.009625996 0.973612070 128.258071899
